withIf	59013	201898	12519676
withIf	59013	201898	10377906
withIf	59013	201898	10113023
withIf	59013	201898	10088703
withIf	59013	201898	10153394
withIf	59013	201898	10106480
withIf	59013	201898	10067091
withIf	59013	201898	10145862
withIf	59013	201898	9931872
withIf	59013	201898	10121867
withIndex	59013	201898	30032121
withIndex	59013	201898	18091963
withIndex	59013	201898	18078124
withIndex	59013	201898	18621999
withIndex	59013	201898	21098977
withIndex	59013	201898	18278714
withIndex	59013	201898	18148333
withIndex	59013	201898	18116020
withIndex	59013	201898	18284513
withIndex	59013	201898	37752203
withBinarySearch	59013	201898	35539073
withBinarySearch	59013	201898	28563060
withBinarySearch	59013	201898	24667206
withBinarySearch	59013	201898	23235957
withBinarySearch	59013	201898	21255361
withBinarySearch	59013	201898	20323668
withBinarySearch	59013	201898	19831862
withBinarySearch	59013	201898	19815384
withBinarySearch	59013	201898	20083056
withBinarySearch	59013	201898	19879239
withRegExp	59013	201898	20077359
withRegExp	59013	201898	18932499
withRegExp	59013	201898	19130691
withRegExp	59013	201898	19802041
withRegExp	59013	201898	19142136
withRegExp	59013	201898	18744884
withRegExp	59013	201898	18762074
withRegExp	59013	201898	18809625
withRegExp	59013	201898	18731075
withRegExp	59013	201898	18674706
